0	86004	50747	612	108838	346	1888	3315	83734	5480	20738	3903	4135	931	1915	55583	52643	103334	339814	1143	16831	825	26451	74118	11132	32632	969	5430	63720	1484	522	99589	255838	151008	8479	717	42616	155156	2573	889	8362	5893	1056	21882	46454	1292	3420	50690	18920	2292	623	145839	6895	1854	393	1336
96921	0	286	2234	7288	413	684	2850	43016	1676	27616	1217	5772	482	805	44007	6646	20291	98611	334	259	412	2228	3486	6322	44757	1340	3363	5461	2256	647	200718	228046	1858	12366	255	185	312023	988	11713	3661	17616	887	434	133	1382	2532	6166	35892	284	83072	184293	7112	2236	5143	336
55939	357	0	598	476	1	8	3667	85216	903	80	3692	3963	3	7	2931	246	377	1219	701	67	3	107	287	3425	119	629	4674	247	1555	2	2434	135595	636	33	2	41802	102479	635	3	2136	20	4	80	50730	4	3373	221	12645	10	3	140610	175	284	2	870
4760	221	4190	0	309	2	5	4394	7307	2250	143	313	359	6	12	4551	155	656	2130	20	46	2	72	189	3998	212	18	1261	431	141	3	3881	8315	386	57	4	3397	2953	279	6	924	38	2	133	4109	7	301	140	356	6	4	12437	267	744	3	25
158741	76196	478	3583	0	434	26928	4273	65879	236531	33083	1844	8556	554	880	540204	285000	21762	112294	537	11339	16162	90291	155602	6313	46676	2123	4657	6174	3798	675	303827	187378	74831	12297	287	299	507928	594	11791	2140	19705	35331	462	218	1368	3881	252980	55003	10965	88933	282079	10506	314955	5614	580
12531	1654	60	55	4777	0	195	3450	6310	2944	20089	48	414	6381	14432	14460	2943	128238	115179	445	1513	670	2146	3760	50239	57660	2596	1670	52435	229	5093	13216	3570	5580	42824	2604	98	100502	17047	10170	23724	8261	48	1826	32	1794	111	805	14020	66	43138	14636	5862	203	28904	453
13892	11111	40	316	44823	42	0	3625	6208	1656	2932	157	788	46	78	23504	39905	1863	10167	172	1600	2512	12756	23062	4871	4169	680	1656	511	324	61	15307	3403	12139	1083	24	25	173974	423	1052	1526	1732	5796	42	19	126	329	38790	19162	1712	8274	25984	517	2094	478	187
498	513	311	552	493	6003	164	0	476	676	334	570	246	1156	1018	4801	403	541	8315	610	468	192	600	349	3349	455	329	2319	298	642	492	2470	1726	321	980	982	424	1619	3616	776	8539	381	263	820	325	257	367	112	364	384	725	470	2206	755	3126	467
99975	76574	92387	1133	112733	226	1824	6937	0	16315	15121	7302	7252	612	1386	36920	55420	74197	248074	1971	16070	793	24657	63191	6003	24031	1875	25363	48347	3030	408	46434	370685	136631	6024	525	77546	270889	1822	640	5870	4115	1011	15966	94927	882	6566	49247	33564	2276	424	257152	3514	5183	298	2747
459	1874	48	52	232677	1418	526	1279	283	0	1346	47	44	431	795	3902	3255	1390	766	96	1969	1561	2442	2083	3868	1082	26	2583	338	64	922	1169	5396	658	1430	535	28	4208	1269	1170	870	924	1908	1218	62	736	75	83457	60	1145	645	177	581	16167	882	35
11584	7117	54	45	22130	35575	774	3555	5217	2457	0	45	359	9803	24887	4249	13203	215180	201867	297	6568	3263	9879	15853	4462	94360	1633	5204	87570	202	8416	9016	10989	25161	67825	4272	81	64047	1130	16918	1698	13628	195	3263	30	3025	95	3660	8695	275	67440	13796	4084	161	45339	301
7790	866	6899	87	1224	2	20	4341	12981	1341	134	0	573	6	11	1764	581	624	2130	249	176	8	286	777	1758	221	239	3711	419	241	3	3716	17634	1528	55	4	5657	35883	700	5	2226	38	11	136	7129	7	495	524	4363	27	4	21078	266	435	3	317
2603	7045	2474	28	9217	11	167	4035	4410	12096	750	185	0	31	62	27659	4437	3324	10874	261	1284	66	2143	5539	3098	1144	229	22054	2300	81	17	11333	8623	11971	314	25	1988	36403	1001	29	3301	188	81	703	2424	42	175	3957	4373	204	20	6744	845	3927	14	333
836	335	4	4	1034	4447	40	5882	393	3867	4058	3	29	0	3087	3731	619	26486	25718	28	300	141	451	745	2143	11442	160	4669	11202	14	1009	5206	5019	1117	8382	539	6	5512	3922	2054	6019	1818	10	377	2	349	7	171	758	13	8107	1059	2325	254	5596	28
20872	349	104	92	1115	4801	42	2937	11365	2536	4468	87	720	1379	0	4774	685	26978	26216	68	341	154	483	796	2556	11796	417	2036	12041	404	1092	3938	15121	1167	9525	543	159	14397	1908	2213	2900	1976	11	396	59	380	198	192	2111	14	8733	28215	1696	172	6004	68
29591	52485	1228	2925	474175	9388	35609	3555	28177	811	2420	1390	7064	4600	1835	0	65727	34777	8959	2253	24467	15049	32026	74331	4206	3237	1027	4839	7834	1373	1612	38267	20608	40883	3305	775	775	202640	1283	2715	2692	2080	8208	617	2717	2816	2589	125961	28685	4299	16287	13449	14891	18165	7479	2982
69939	33637	191	1511	139677	300	14041	4409	27548	1599	19167	802	3631	345	561	56903	0	13803	72928	313	5086	8028	41105	72819	27294	32123	1268	1625	3900	1594	446	172089	109099	36941	7992	171	122	305519	983	7320	3499	12136	16594	295	90	934	1660	121479	32434	5236	58634	124836	5751	1970	3345	339
507815	16311	2309	2128	47906	71811	1793	2196	251632	4261	61020	1949	17285	19238	46090	56198	28776	0	373460	2118	13142	7027	20604	34407	2725	172093	12172	36405	174659	9309	16772	202671	1561400	49979	128747	7674	4006	419851	1933	32402	2934	26140	429	6105	1358	5443	4754	7557	60751	586	125339	638955	98999	285	87706	1942
272904	66066	1290	1132	205046	219774	7541	283700	128233	170777	212268	1058	9875	64066	163306	25199	126152	1372620	0	4200	61135	28464	88044	159237	284916	571767	23344	16035	596461	4861	53694	317319	88375	237886	480388	26652	2117	871339	54597	108551	73412	97404	1973	20309	700	18405	2340	33738	116950	2728	418656	328811	154429	11447	291668	4056
1238	3604	74	54	13621	159	573	4845	2187	1911	20	62	220	3	8	4506	4334	768	1699	0	2569	1274	5047	9162	3188	327	72	2193	336	266	2	4830	4146	3965	166	6	41	27128	134	122	2259	50	45	53	34	51	285	2058	13212	22	102	4328	228	2757	309	1470
44629	1428	129	1030	6058	348	549	4933	17924	1069	25423	525	2430	418	684	11359	5488	17938	89627	224	0	344	1792	3055	1527	39552	864	1796	4646	996	522	25053	70175	1512	10582	232	84	223809	841	10155	3053	15886	726	394	60	1112	1055	5553	22786	231	75960	80254	900	1403	4312	237
10976	5020	34	252	21330	62	2084	2500	4565	2000	4646	123	634	70	131	7436	19712	3022	16152	57	780	0	5991	10917	1746	7058	215	4787	863	241	93	22205	5948	5309	1748	40	19	56002	843	1617	3050	2703	2549	64	15	210	272	18771	5966	833	12659	19901	792	2513	830	60
79641	8072	229	1787	30956	311	3107	2680	33081	1020	21483	962	4388	359	608	17084	27512	13278	70500	440	1222	1718	0	16806	10426	31012	1743	4071	4078	1790	430	46276	61143	8261	7911	183	151	389602	328	8120	1242	12892	3972	336	116	992	1872	29167	46383	1213	61309	144358	1563	1330	3717	433
147180	14428	454	3482	62010	338	5273	3923	68692	14122	21700	1734	8253	382	640	266705	51847	14169	77603	406	2282	3169	17266	0	15934	33033	1761	3300	4187	3603	499	186475	224963	15999	9356	193	304	410426	1098	8909	4135	14262	7638	333	228	1024	3612	52345	44958	2264	64936	283731	6873	17985	3837	425
20011	5501	1170	1469	30073	27795	2125	3068	7190	818	1863	2023	2504	1433	1640	65705	15820	1455	146430	2763	3916	2566	8831	27977	0	1776	2867	16431	1570	685	1241	134975	4774	14557	798	675	1414	276147	3283	3213	11262	837	5830	1542	855	1680	1736	8278	3552	4248	92031	4733	49643	247	22317	2705
209685	8770	1036	904	26239	68197	983	4301	103905	1372	58331	790	6706	17821	46898	7223	17022	404452	363732	695	8286	4003	12097	19621	3753	0	4284	2160	163581	3613	15653	22849	483604	31057	137528	7330	1618	156233	1576	31605	2293	25297	269	5591	524	5470	1727	4524	20881	341	130236	259258	9915	89	89945	720
457	1009	24	20	3647	424	162	3003	787	1061	57	22	78	8	23	4682	1225	2146	5143	92	712	329	1480	2274	3537	959	0	25322	970	88	8	3430	3802	1178	487	18	13	1340	116	368	1712	146	12	158	11	156	91	593	770	6	313	1571	165	1305	918	77
6678	511	3042	2505	1124	14332	78	2907	6590	1310	4653	3674	8271	18316	2433	17547	1207	22082	46591	2850	1116	58	938	654	3930	9639	23215	0	111585	1057	1085	9315	6171	2015	6786	1568	1550	200597	1226	32927	2823	4778	148	3319	3308	2982	1002	123	142719	139	5989	37432	7681	3902	22408	3560
47512	697	231	194	2233	68348	86	4491	22414	2365	65935	195	1572	20160	47182	7001	1385	421628	357841	220	641	312	923	1699	2314	176192	1194	3606	0	798	16007	48020	71344	2479	137770	7608	330	44141	1449	34876	2232	26794	22	5879	117	5563	413	376	6343	30	133160	55643	22891	154	92402	200
3205	7538	3089	35	9592	15	188	1582	5614	1539	1001	234	262	38	87	5416	5192	4442	15436	62	1403	75	2398	6046	7155	1466	54	4425	2777	0	23	3223	13799	12420	390	32	2462	8649	390	40	1146	258	91	939	3165	53	205	4477	989	210	28	8933	251	461	17	73
1926	112	9	7	377	7335	13	4458	936	2819	6242	7	64	1924	5079	2826	213	41126	40509	14	101	54	157	261	1375	18303	77	4167	17662	32	0	1740	3098	397	14608	805	14	2818	2016	3375	3080	2923	3	600	4	560	15	59	372	4	13310	2265	781	195	9324	13
6379	2175	519	284	8979	1386	408	3003	4628	130	401	426	781	1943	388	3862	1636	5412	21084	89	1291	290	1515	3586	10798	3706	179	2567	3475	242	195	0	20755	3372	2616	186	554	8672	1577	859	5662	1424	156	175	339	624	540	880	12399	61	750	10114	3831	3409	3364	139
38999	22307	17973	793	68830	226	773	4076	57610	2691	5481	3070	3998	56	99	13023	23438	21388	37706	3484	4128	1495	9319	31112	3005	5261	3443	9246	1821	1323	176	37608	0	15318	298	182	10176	109606	2120	218	2076	465	1814	1999	18494	65	3131	7579	19721	2564	215	71946	4766	1362	276	2301
139635	12771	389	2875	51739	1170	4508	3036	54539	1023	81052	1674	7824	1316	2213	34502	44579	51445	285373	545	1949	2838	14960	26634	5198	113684	2274	25444	13902	3265	1637	104620	218256	0	29940	727	243	564322	516	28818	1866	46731	6257	1131	183	3504	3326	44582	58965	1948	231728	232938	3958	1373	13069	631
43072	231	186	189	663	54663	24	1978	20596	1121	51528	169	1480	15263	36647	10996	423	326438	315887	473	199	98	319	504	2429	132998	2578	1362	140047	728	12340	45152	52615	777	0	6220	301	102008	432	27144	658	21175	7	4698	102	4649	358	113	12814	9	97595	53739	21829	74	68393	449
468	281	3	2	856	2110	31	3006	232	4374	2091	2	15	663	1427	2404	502	12942	12146	4	233	115	346	609	1474	5424	28	4483	5905	9	521	2695	3624	931	4548	0	3	996	591	1057	863	939	7	208	1	190	4	131	139	11	4415	572	1164	290	2923	4
33645	713	29791	364	1019	2	17	4395	52309	3783	109	2299	2365	5	10	4137	491	547	1845	602	134	7	224	580	2339	169	541	4379	335	948	3	3687	89452	1258	46	4	0	81901	686	4	2120	30	9	114	27746	7	2132	415	9449	22	3	82804	279	1273	2	733
59019	194079	3486	2732	753273	52519	30864	14026	101420	59626	6523	3026	10328	994	2438	233380	236289	263425	584519	80649	131288	65746	287288	487302	173715	113840	3006	522868	112503	11824	860	120152	141605	221404	53127	1982	1817	0	12126	41466	199863	15647	2497	18893	1460	17794	13170	117523	601942	1178	33949	195382	5651	85994	103055	61414
1174	441	22	14	272	2941	38	4867	512	1135	3269	23	38	1549	3907	6249	213	15057	13461	87	125	27	67	356	2413	5330	100	1189	4919	15	986	7337	1410	329	6040	540	10	12048	0	1141	1725	1076	15	276	6	104	21	144	974	10	5273	1018	3472	151	3510	107
8692	3297	41	38	10130	13053	377	3134	4053	2450	11641	34	286	3369	8738	24953	5777	70424	67801	310	2736	1397	4174	6830	6272	33339	1802	45287	32372	152	3038	8115	5120	11103	24239	1443	64	63701	1315	0	2040	5022	87	1132	22	1036	79	1564	8491	124	22303	10437	3511	147	15780	297
6054	1391	126	78	884	6823	119	5511	2542	2810	7969	123	211	3903	9222	10473	737	31891	34010	1050	422	83	204	1058	22145	13117	1226	3610	10660	85	2095	35231	3698	985	13645	1261	57	138072	3660	2908	0	2566	46	663	34	233	106	434	12144	36	12019	6160	17981	361	8435	1310
11560	2508	56	53	7411	7969	298	5617	5627	4490	7224	46	406	2189	5288	6658	4593	45293	39890	51	2410	1100	3490	5578	3676	19732	307	1599	19682	205	1697	2933	12367	8287	15209	827	90	11225	1865	3586	2851	0	74	693	29	599	102	1306	1547	99	14227	13864	1266	294	9896	53
1006	9519	3	22	38308	9	3891	3366	424	1859	580	13	53	10	17	13295	34104	408	2037	4	1487	2288	11042	19146	3934	897	17	1556	109	23	13	8585	3721	10922	242	5	2	4414	649	212	2392	352	0	8	2	27	24	33155	441	1460	1782	1768	306	2328	98	4
17021	352	79	78	1051	3606	37	4567	8260	4460	3502	70	567	993	2469	5114	635	20684	19125	224	296	139	436	779	4166	8973	1275	4830	9269	306	822	4611	28432	1206	7692	426	125	45343	810	1675	1219	1488	10	0	47	307	157	171	6401	14	6630	20692	2077	298	5009	220
46895	756	41125	495	1024	2	18	2515	72871	2243	109	3353	3551	4	10	2703	485	484	1776	843	141	7	249	633	3290	174	768	1810	317	1281	2	3411	106084	1297	48	3	32889	113000	1079	4	3599	30	9	109	0	6	2819	464	13172	21	3	119239	259	730	2	1000
1652	379	7	7	1094	1446	41	9576	754	3664	1480	6	53	422	988	2394	693	9135	8017	75	345	169	501	841	7833	3990	428	3247	3924	27	368	18504	2462	1342	2966	183	12	16496	2420	704	3711	640	11	142	4	0	14	188	2219	14	2793	1940	8198	246	2018	72
5435	4141	5568	67	5655	3	98	1350	9002	884	214	420	423	9	19	1632	2740	950	3280	104	805	39	1263	3465	3087	330	93	4914	634	172	5	2805	11236	7136	84	7	4211	14085	261	9	923	56	53	215	5517	12	0	2423	1647	115	6	14908	205	295	4	129
59579	27914	169	1272	118086	279	10199	3353	22987	63580	18657	665	3214	331	548	116875	97386	12736	65292	228	4201	6387	32773	53369	19403	28677	933	3635	3502	1319	418	13915	103433	28191	7444	168	110	211882	987	6961	3584	11211	13281	274	77	882	1501	0	23105	4368	54182	104418	511	85590	3369	235
36605	17716	2159	1706	69265	2561	2701	2225	72855	1965	307	2105	6811	47	117	62651	19514	12670	26844	64307	11457	5651	25772	41632	1367	5648	2600	282127	5614	7862	44	302236	5196	19761	2657	101	1153	975166	208	2082	3352	809	195	936	948	889	8456	10648	0	103	1748	135566	14151	2859	5274	51667
564	3169	2	13	13448	4	1191	3393	225	2125	287	7	32	5	9	3062	12126	192	1042	3	502	687	3621	6855	2130	436	9	2884	54	12	6	4130	2568	3351	120	3	1	2099	336	109	1235	181	1686	4	1	13	13	10916	237	0	931	974	150	2866	51	2
15903	21594	74	65	61756	36096	2419	3651	7480	3016	35061	59	492	10756	25187	7480	42294	218560	201012	292	18036	8684	26852	47513	78079	95889	1679	9155	96519	276	9301	5495	3477	71152	73859	4216	107	61323	46788	18142	68191	14755	622	3221	40	3206	134	10613	8640	802	0	18429	2284	205	49442	295
175534	108932	159899	2025	137853	486	2448	5053	287552	4949	29679	12404	12926	1262	2757	40883	68965	137084	503354	3303	20479	1036	34152	89831	6474	46583	2913	29715	96868	5361	818	50725	498370	190199	13497	1047	145024	416771	2265	1220	7249	9141	1381	30984	170524	1902	12191	63701	54242	3071	937	0	3689	1558	612	4101
342	482	30	15	1900	583	84	1969	249	184	174	23	43	860	168	4802	337	2381	10239	15	274	59	338	723	2475	1705	27	2643	1521	13	91	2714	3916	687	1234	79	29	1393	549	352	2193	631	31	81	18	267	29	189	2053	12	373	531	0	4320	1452	23
12800	2000	1474	1505	273396	971	628	2901	8349	4660	893	1345	1313	270	549	22532	3772	1005	501	2755	2365	1789	2582	2291	1298	698	715	3569	236	1998	619	20872	3216	765	972	337	911	124383	1856	716	1211	578	2411	771	1984	475	2263	93102	1801	1293	406	5194	11066	0	603	926
11415	5114	54	50	15633	41473	548	4772	5492	3005	40630	46	402	12472	29319	11788	9157	262959	241259	594	4524	2271	6919	10971	138531	112766	3872	11013	110951	204	9998	52230	3432	17515	90204	4723	89	124541	9098	20714	12754	16728	137	3894	30	3629	98	2470	18200	204	79352	14250	22941	218	0	596
2894	159	172	130	621	47	26	4649	5313	1214	6	156	515	1	3	2724	202	255	549	3056	110	60	249	419	3127	113	132	2400	102	634	1	4167	4887	195	53	2	90	46206	73	38	1300	15	2	19	78	18	608	97	22754	1	33	10725	210	1602	101	0